Level		|#A|#G|1x|2x|nx| H | A* |IDA*|A*r |
----------------+--+--+--+--+--+---+----+----+----+
15-puzzle	|15| 1|15|  |  |   |    |    |	  |
adrien_01	| 3|54| 3|  |  |   |	|    |	  |
adrien_02	| 5|13| 5|  |  |   |	|    |	  |
adrien_03	| 6|31| 6|  |  |   |	|    |	  |
adrien_04	|10|16| 4| 6|  |   |	|    |	  |
adrien_06	| 6|15| 6|  |  |   |	|    |	  |
adrienl_01	| 7|26| 7|  |  |   |	|    |	  |
adrienl_02	| 8| 7| 8|  |  |   |	|    |	  |
adrienl_03	| 7|43| 7|  |  |   |	|    |	  |
adrienl_04	| 9| 1| 3| 6|  |   |	|    |	  |
adrienl_05	| 4|64| 4|  |  |   |	|    |	  |
atomix_01	| 3|19| 3|  |  |   |	|    |	  |
kai_01		| 3| 9| 3|  |  |   |	|    |	  |
kai_02		| 5| 2| 5|  |  |   |	|    |	  |
kai_03		| 6| 4| 6|  |  |   |	|    |	  |
kai_05		| 8| 2| 2| 6|  |   |	|    |	  |
kai_06		| 4|16| 4|  |  |   |	|    |	  |
kai_07		|12| 1| 4| 2| 6|   |	|    |	  |
kai_08		|12| 1| 2|10|  |   |	|    |	  |
kai_09		|10| 1| 4| 6|  |   |	|    |	  |
kai_11		| 5| 7| 5|  |  |   |	|    |	  |
kai_12		|15| 1| 6|  | 9|   |	|    |	  |
kai_14		|14| 2|12| 2|  |   |	|    |	  |
kai_17		| 8| 3| 6| 2|  |   |	|    |	  |
kai_18		|12| 1|12|  |  |   |	|    |	  |
kai_19		| 4|21| 4|  |  |   |	|    |	  |
kai_20		|12| 1| 7| 2| 3|   |	|    |	  |
kai_21		|14| 1| 5| 6| 3|   |	|    |	  |
kai_22		|12| 1| 5| 4| 3|   |	|    |	  |
kai_24		|14| 1| 2|  |12|   |	|    |	  |
kai_25		|14| 1| 5|  | 9|   |	|    |	  |
kai_27		|19| 1| 9|10|  |   |	|    |	  |
kai_28		|16| 1|14| 2|  |   |	|    |	  |
kai_29		|21| 1|13| 8|  |   |	|    |	  |
katomic_01	| 3|23| 3|  |  |   |	|    |	  |
katomic_02	| 5|10| 5|  |  |   |	|    |	  |
katomic_03	| 6| 4| 6|  |  |   |	|    |	  |
katomic_04	| 6| 8| 6|  |  |   |	|    |	  |
katomic_05	| 9| 2| 7| 2|  | 46|	|    |	  |
katomic_06	| 9| 1| 3| 6|  | 32|	|    |	  |
katomic_07	|12| 8| 3|  | 9| 48|	|    |	  |
katomic_08	| 7| 1| 5| 2|  | 52|	|    |	  |
katomic_09	|10| 1| 4| 6|  | 52|	|    |	  |
katomic_10	| 5| 8| 5|  |  |   |	|    |	  |
katomic_11	| 8| 4| 8|  |  | 38|	|    |	  |
katomic_12	|12| 8| 4| 2| 6|232|	|    |	  |
katomic_13	|12| 1| 2|10|  | 91|	|    |	  |
katomic_14	| 9| 1| 3| 6|  | 35|	|    |	  |
katomic_15	|15| 1| 3|  |12| 69|	|    |	  |
katomic_16	|15| 1| 6|  | 9| 64|	|    |	  |
katomic_17	|14| 2| 2|  |12| 81|	|    |	  |
katomic_18	|12| 4| 2| 2| 8| 54|	|    |	  |
katomic_19	| 8| 2| 4| 4|  | 44|	|    |	  |
katomic_20	| 4|16| 4|  |  |   |	|    |	  |
katomic_21	|16| 1| 4| 8| 4| 44|	|    |	  |
katomic_22	|14| 4| 5|  | 9| 67|	|    |	  |
katomic_23	| 4|32| 4|  |  |   |	|    |	  |
katomic_24	|20|10| 5|  |15| 99|	|    |	  |
katomic_25	|10| 1| 4| 6|  | 61|	|    |	  |
katomic_26	| 7| 3| 7|  |  | 54|	|    |	  |
katomic_27	|12| 1|10| 2|  | 81|	|    |	  |
katomic_28	|12| 1| 8| 4|  | 69|	|    |	  |
katomic_29	|15| 1| 3|12|  |149|	|    |	  |
katomic_30	|21| 1|12| 6| 3|161|	|    |	  |
katomic_31	| 8| 2| 8|  |  | 90|	|    |	  |
katomic_32	| 9| 5| 9|  |  | 67|	|    |	  |
katomic_33	|10| 4| 2| 8|  | 86|	|    |	  |
katomic_34	|13| 1|11| 2|  |170|	|    |	  |
katomic_35	|10| 1|10|  |  | 64|	|    |	  |
katomic_36	| 3|21| 3|  |  |   |	|    |	  |
katomic_37	|24| 1|12| 6| 6|215|	|    |	  |
katomic_38	| 9| 1| 7| 2|  |118|	|    |	  |
katomic_39	|17| 1|17|  |  |190|	|    |	  |
katomic_40	|16| 1|12| 4|  |243|	|    |	  |
katomic_41	|15| 4| 9| 6|  |   |	|    |	  |
katomic_42	|12| 1|  | 8| 4|   |	|    |	  |
katomic_43	|26| 1|15| 2| 9|   |	|    |	  |
katomic_44	|21| 1|16| 2| 3|   |	|    |	  |
katomic_45	|14| 1|14|  |  |   |	|    |	  |
katomic_46	| 7| 3| 7|  |  |   |	|    |	  |
katomic_47	|11| 1|11|  |  |   |	|    |	  |
katomic_48	|17| 1| 9| 8|  |   |	|    |	  |
katomic_49	|18| 1|10| 2| 6|   |	|    |	  |
katomic_50	|17| 2|13| 4|  |   |	|    |	  |
katomic_51	|16| 1|  |16|  |   |	|    |	  |
katomic_52	|19| 1|15| 4|  |   |	|    |	  |
katomic_53	|16| 2| 4| 8| 4|   |	|    |	  |
katomic_54	|16| 1|16|  |  |   |	|    |	  |
katomic_55	|15| 1|11| 4|  |   |	|    |	  |
katomic_56	|15| 1|13| 2|  |   |	|    |	  |
katomic_57	| 5| 3| 5|  |  |   |	|    |	  |
katomic_58	| 6| 3| 6|  |  |   |	|    |	  |
katomic_59	|16| 4|16|  |  |   |	|    |	  |
katomic_60	| 7| 4| 7|  |  |   |	|    |	  |
katomic_61	|10| 2| 8| 2|  |   |	|    |	  |
katomic_62	|12| 1| 6| 6|  |   |	|    |	  |
katomic_63	|12| 2| 6| 6|  |   |	|    |	  |
katomic_64	|16| 2| 8| 8|  |   |	|    |	  |
katomic_65	|17| 1|17|  |  | 90|	|    |	  |
katomic_66	|11| 1| 5| 6|  |   |	|    |	  |
katomic_67	|12| 2| 8| 4|  |   |	|    |	  |
marbles_01	| 4| 2|  | 4|  |   |	|    |	  |
marbles_02	| 5| 5| 1| 4|  |   |	|    |	  |
marbles_03	| 4| 5|  | 4|  |   |	|    |	  |
marbles_04	| 3|18| 1| 2|  |   |	|    |	  |
marbles_05	| 5| 2| 1| 4|  |   |	|    |	  |
marbles_06	| 5| 3| 1| 4|  |   |	|    |	  |
marbles_08	| 6| 3| 2| 4|  |   |	|    |	  |
marbles_10	|16| 1|  |  |16|   |	|    |	  |
marbles_11	| 8| 1|  | 4| 4|   |	|    |	  |
marbles_12	| 6| 3| 2| 4|  |   |	|    |	  |
marbles_13	| 3| 3| 1| 2|  |   |	|    |	  |
marbles_14	| 6| 1|  | 6|  |   |	|    |	  |
marbles_15	|12| 1|  |  |12|   |	|    |	  |
marbles_20	|32| 1|  |  |32|   |	|    |	  |
unitopia_01	| 3|41| 3|  |  | 11|	|    |	  |
unitopia_02	| 4| 5| 4|  |  | 22|	|    |	  |
unitopia_03	| 5|12| 5|  |  | 16|	|    |	  |
unitopia_04	| 6| 5| 4| 2|  | 20|	|    |	  |
unitopia_05	| 6| 7| 6|  |  | 21|	|    |	  |
unitopia_06	| 9| 2| 3| 6|  | 33|	|    |	  |
unitopia_07	|10| 1| 6| 4|  | 36|	|    |	  |
unitopia_08	| 7| 4| 7|  |  | 25|	|    |	  |
unitopia_09	|12| 2| 3|  | 9| 47|	|    |	  |
unitopia_10	| 8| 2| 8|  |  | 41|	|    |	  |
